"Q05" "mean" "Q95"
"1850" -0.96 -0.823 -0.685
"1851" -0.947 -0.812 -0.676
"1852" -0.937 -0.804 -0.67
"1853" -0.955 -0.823 -0.691
"1854" -0.971 -0.84 -0.71
"1855" -0.967 -0.838 -0.709
"1856" -0.963 -0.835 -0.707
"1857" -0.979 -0.853 -0.726
"1858" -0.974 -0.848 -0.723
"1859" -0.958 -0.835 -0.711
"1860" -0.942 -0.82 -0.698
"1861" -0.938 -0.817 -0.696
"1862" -1.027 -0.904 -0.781
"1863" -1.051 -0.928 -0.804
"1864" -1.034 -0.912 -0.79
"1865" -1.006 -0.887 -0.768
"1866" -0.981 -0.864 -0.746
"1867" -0.961 -0.845 -0.729
"1868" -0.944 -0.829 -0.714
"1869" -0.929 -0.815 -0.701
"1870" -0.917 -0.804 -0.691
"1871" -0.907 -0.794 -0.681
"1872" -0.899 -0.787 -0.675
"1873" -0.924 -0.812 -0.7
"1874" -0.927 -0.815 -0.703
"1875" -0.929 -0.817 -0.705
"1876" -0.928 -0.817 -0.705
"1877" -0.922 -0.811 -0.7
"1878" -0.916 -0.805 -0.694
"1879" -0.91 -0.799 -0.688
"1880" -0.909 -0.799 -0.688
"1881" -0.907 -0.796 -0.686
"1882" -0.9 -0.789 -0.679
"1883" -0.953 -0.841 -0.729
"1884" -1.169 -1.042 -0.915
"1885" -1.206 -1.075 -0.944
"1886" -1.166 -1.04 -0.913
"1887" -1.13 -1.007 -0.883
"1888" -1.08 -0.961 -0.841
"1889" -1.034 -0.918 -0.802
"1890" -1.015 -0.9 -0.785
"1891" -1.023 -0.907 -0.791
"1892" -1.001 -0.887 -0.772
"1893" -0.967 -0.854 -0.741
"1894" -0.938 -0.825 -0.713
"1895" -0.917 -0.805 -0.693
"1896" -0.904 -0.792 -0.68
"1897" -0.895 -0.783 -0.672
"1898" -0.889 -0.777 -0.665
"1899" -0.884 -0.772 -0.661
"1900" -0.881 -0.769 -0.657
"1901" -0.878 -0.767 -0.655
"1902" -0.889 -0.777 -0.666
"1903" -0.994 -0.879 -0.765
"1904" -1.019 -0.903 -0.787
"1905" -0.994 -0.88 -0.765
"1906" -0.958 -0.846 -0.733
"1907" -0.948 -0.836 -0.724
"1908" -0.93 -0.819 -0.707
"1909" -0.908 -0.797 -0.687
"1910" -0.892 -0.782 -0.672
"1911" -0.881 -0.771 -0.662
"1912" -0.927 -0.816 -0.706
"1913" -0.972 -0.86 -0.748
"1914" -0.963 -0.852 -0.741
"1915" -0.931 -0.822 -0.712
"1916" -0.899 -0.791 -0.683
"1917" -0.872 -0.764 -0.657
"1918" -0.85 -0.743 -0.636
"1919" -0.836 -0.729 -0.623
"1920" -0.827 -0.721 -0.615
"1921" -0.822 -0.716 -0.611
"1922" -0.833 -0.728 -0.623
"1923" -0.836 -0.732 -0.628
"1924" -0.827 -0.724 -0.62
"1925" -0.818 -0.714 -0.611
"1926" -0.806 -0.703 -0.601
"1927" -0.794 -0.692 -0.59
"1928" -0.789 -0.687 -0.585
"1929" -0.806 -0.705 -0.604
"1930" -0.795 -0.694 -0.593
"1931" -0.786 -0.686 -0.586
"1932" -0.8 -0.701 -0.601
"1933" -0.796 -0.697 -0.598
"1934" -0.786 -0.688 -0.589
"1935" -0.775 -0.677 -0.579
"1936" -0.759 -0.662 -0.564
"1937" -0.746 -0.649 -0.552
"1938" -0.736 -0.64 -0.543
"1939" -0.728 -0.632 -0.535
"1940" -0.723 -0.627 -0.531
"1941" -0.719 -0.623 -0.528
"1942" -0.717 -0.622 -0.527
"1943" -0.716 -0.621 -0.527
"1944" -0.714 -0.619 -0.525
"1945" -0.707 -0.613 -0.519
"1946" -0.699 -0.606 -0.512
"1947" -0.687 -0.594 -0.5
"1948" -0.676 -0.582 -0.489
"1949" -0.667 -0.573 -0.48
"1950" -0.662 -0.569 -0.476
"1951" -0.661 -0.569 -0.476
"1952" -0.659 -0.567 -0.475
"1953" -0.658 -0.566 -0.474
"1954" -0.655 -0.564 -0.472
"1955" -0.649 -0.557 -0.466
"1956" -0.636 -0.545 -0.453
"1957" -0.619 -0.527 -0.436
"1958" -0.603 -0.512 -0.42
"1959" -0.592 -0.501 -0.41
"1960" -0.584 -0.493 -0.403
"1961" -0.581 -0.491 -0.401
"1962" -0.601 -0.512 -0.422
"1963" -0.7 -0.609 -0.519
"1964" -0.77 -0.674 -0.579
"1965" -0.781 -0.685 -0.588
"1966" -0.73 -0.637 -0.544
"1967" -0.712 -0.621 -0.529
"1968" -0.684 -0.594 -0.504
"1969" -0.65 -0.562 -0.474
"1970" -0.62 -0.534 -0.448
"1971" -0.613 -0.527 -0.442
"1972" -0.593 -0.509 -0.425
"1973" -0.563 -0.48 -0.398
"1974" -0.545 -0.464 -0.382
"1975" -0.569 -0.488 -0.406
"1976" -0.553 -0.472 -0.392
"1977" -0.522 -0.443 -0.365
"1978" -0.486 -0.41 -0.333
"1979" -0.452 -0.377 -0.303
"1980" -0.428 -0.355 -0.282
"1981" -0.411 -0.339 -0.268
"1982" -0.426 -0.356 -0.287
"1983" -0.499 -0.427 -0.354
"1984" -0.503 -0.431 -0.359
"1985" -0.475 -0.406 -0.337
"1986" -0.448 -0.382 -0.316
"1987" -0.414 -0.351 -0.289
"1988" -0.371 -0.313 -0.254
"1989" -0.324 -0.268 -0.213
"1990" -0.285 -0.232 -0.18
"1991" -0.315 -0.264 -0.213
"1992" -0.496 -0.426 -0.356
"1993" -0.539 -0.461 -0.384
"1994" -0.472 -0.404 -0.337
"1995" -0.392 -0.336 -0.28
"1996" -0.32 -0.274 -0.228
"1997" -0.255 -0.217 -0.179
"1998" -0.195 -0.164 -0.134
"1999" -0.141 -0.116 -0.091
"2000" -0.093 -0.072 -0.052
"2001" -0.054 -0.036 -0.018
"2002" -0.019 -0.003 0.014
"2003" 0.004 0.019 0.033
"2004" 0.025 0.038 0.051
"2005" 0.04 0.051 0.062
"2006" 0.051 0.061 0.072
"2007" 0.059 0.071 0.083
"2008" 0.07 0.085 0.101
"2009" 0.076 0.096 0.116
"2010" 0.091 0.115 0.14
"2011" 0.104 0.134 0.163
"2012" 0.123 0.158 0.193
"2013" 0.144 0.184 0.224
"2014" 0.161 0.207 0.252
"2015" 0.18 0.232 0.283
"2016" 0.194 0.251 0.308
"2017" 0.207 0.269 0.332
"2018" 0.218 0.287 0.355
"2019" 0.23 0.304 0.378
"2020" 0.241 0.322 0.402
"2021" 0.257 0.343 0.429
"2022" 0.274 0.367 0.46
"2023" 0.293 0.392 0.49
"2024" 0.31 0.415 0.52
"2025" 0.322 0.434 0.545
"2026" 0.332 0.449 0.567
"2027" 0.338 0.462 0.586
"2028" 0.343 0.474 0.604
"2029" 0.347 0.484 0.621
"2030" 0.351 0.494 0.638
"2031" 0.354 0.504 0.654
"2032" 0.358 0.514 0.671
"2033" 0.364 0.527 0.69
"2034" 0.374 0.543 0.713
"2035" 0.383 0.559 0.734
"2036" 0.392 0.574 0.756
"2037" 0.398 0.586 0.774
"2038" 0.403 0.598 0.792
"2039" 0.405 0.606 0.806
"2040" 0.404 0.611 0.817
"2041" 0.402 0.614 0.827
"2042" 0.399 0.618 0.837
"2043" 0.398 0.622 0.847
"2044" 0.398 0.628 0.858
"2045" 0.401 0.637 0.873
"2046" 0.406 0.647 0.888
"2047" 0.413 0.659 0.905
"2048" 0.417 0.669 0.92
"2049" 0.418 0.674 0.931
"2050" 0.414 0.676 0.937
"2051" 0.408 0.675 0.942
"2052" 0.402 0.673 0.945
"2053" 0.395 0.671 0.947
"2054" 0.389 0.67 0.95
"2055" 0.385 0.671 0.956
"2056" 0.385 0.674 0.963
"2057" 0.383 0.676 0.97
"2058" 0.381 0.678 0.975
"2059" 0.379 0.68 0.981
"2060" 0.374 0.678 0.983
"2061" 0.367 0.675 0.983
"2062" 0.358 0.67 0.981
"2063" 0.35 0.665 0.98
"2064" 0.342 0.66 0.978
"2065" 0.336 0.657 0.978
"2066" 0.332 0.656 0.98
"2067" 0.331 0.658 0.984
"2068" 0.33 0.659 0.988
"2069" 0.328 0.659 0.99
"2070" 0.323 0.656 0.99
"2071" 0.315 0.651 0.987
"2072" 0.307 0.645 0.983
"2073" 0.298 0.638 0.978
"2074" 0.288 0.631 0.973
"2075" 0.279 0.624 0.968
"2076" 0.27 0.617 0.963
"2077" 0.262 0.611 0.959
"2078" 0.256 0.607 0.957
"2079" 0.252 0.605 0.957
"2080" 0.249 0.603 0.957
"2081" 0.245 0.601 0.957
"2082" 0.24 0.598 0.956
"2083" 0.233 0.593 0.953
"2084" 0.225 0.587 0.949
"2085" 0.215 0.579 0.943
"2086" 0.204 0.57 0.937
"2087" 0.194 0.562 0.931
"2088" 0.184 0.555 0.925
"2089" 0.177 0.55 0.922
"2090" 0.172 0.547 0.922
"2091" 0.169 0.546 0.923
"2092" 0.167 0.547 0.926
"2093" 0.163 0.544 0.926
"2094" 0.155 0.539 0.923
"2095" 0.146 0.532 0.918
"2096" 0.134 0.523 0.912
"2097" 0.122 0.514 0.906
"2098" 0.111 0.505 0.9
"2099" 0.101 0.498 0.895
"2100" 0.094 0.493 0.893
