"Q05" "mean" "Q95"
"1850" -1.263 -0.863 -0.462
"1851" -1.249 -0.849 -0.449
"1852" -1.239 -0.839 -0.44
"1853" -1.259 -0.863 -0.466
"1854" -1.278 -0.883 -0.488
"1855" -1.274 -0.88 -0.487
"1856" -1.268 -0.876 -0.484
"1857" -1.287 -0.897 -0.506
"1858" -1.281 -0.892 -0.502
"1859" -1.264 -0.875 -0.486
"1860" -1.245 -0.857 -0.468
"1861" -1.241 -0.853 -0.466
"1862" -1.343 -0.958 -0.574
"1863" -1.37 -0.987 -0.603
"1864" -1.35 -0.967 -0.584
"1865" -1.319 -0.937 -0.555
"1866" -1.29 -0.909 -0.527
"1867" -1.267 -0.886 -0.505
"1868" -1.247 -0.867 -0.486
"1869" -1.229 -0.849 -0.469
"1870" -1.215 -0.836 -0.456
"1871" -1.203 -0.824 -0.444
"1872" -1.194 -0.815 -0.436
"1873" -1.222 -0.846 -0.469
"1874" -1.225 -0.849 -0.474
"1875" -1.227 -0.852 -0.477
"1876" -1.225 -0.851 -0.477
"1877" -1.218 -0.844 -0.471
"1878" -1.21 -0.837 -0.464
"1879" -1.202 -0.83 -0.458
"1880" -1.201 -0.83 -0.458
"1881" -1.198 -0.827 -0.457
"1882" -1.189 -0.819 -0.449
"1883" -1.25 -0.882 -0.514
"1884" -1.503 -1.125 -0.747
"1885" -1.547 -1.166 -0.784
"1886" -1.499 -1.123 -0.746
"1887" -1.456 -1.083 -0.71
"1888" -1.397 -1.028 -0.659
"1889" -1.342 -0.977 -0.611
"1890" -1.319 -0.955 -0.591
"1891" -1.327 -0.964 -0.6
"1892" -1.301 -0.94 -0.578
"1893" -1.26 -0.9 -0.54
"1894" -1.225 -0.866 -0.508
"1895" -1.199 -0.842 -0.485
"1896" -1.183 -0.827 -0.471
"1897" -1.171 -0.816 -0.462
"1898" -1.163 -0.809 -0.455
"1899" -1.157 -0.804 -0.452
"1900" -1.152 -0.801 -0.449
"1901" -1.149 -0.799 -0.449
"1902" -1.16 -0.812 -0.463
"1903" -1.286 -0.936 -0.585
"1904" -1.316 -0.965 -0.614
"1905" -1.286 -0.938 -0.589
"1906" -1.242 -0.897 -0.552
"1907" -1.229 -0.886 -0.542
"1908" -1.207 -0.866 -0.524
"1909" -1.18 -0.841 -0.501
"1910" -1.16 -0.823 -0.485
"1911" -1.147 -0.811 -0.475
"1912" -1.202 -0.866 -0.53
"1913" -1.257 -0.92 -0.583
"1914" -1.247 -0.912 -0.576
"1915" -1.208 -0.876 -0.544
"1916" -1.169 -0.84 -0.511
"1917" -1.135 -0.809 -0.482
"1918" -1.108 -0.784 -0.46
"1919" -1.091 -0.769 -0.447
"1920" -1.081 -0.761 -0.44
"1921" -1.074 -0.756 -0.437
"1922" -1.088 -0.771 -0.454
"1923" -1.093 -0.778 -0.462
"1924" -1.082 -0.769 -0.456
"1925" -1.07 -0.759 -0.448
"1926" -1.057 -0.748 -0.439
"1927" -1.042 -0.735 -0.429
"1928" -1.037 -0.732 -0.427
"1929" -1.058 -0.755 -0.451
"1930" -1.044 -0.743 -0.442
"1931" -1.035 -0.736 -0.437
"1932" -1.053 -0.755 -0.457
"1933" -1.048 -0.753 -0.457
"1934" -1.037 -0.743 -0.45
"1935" -1.023 -0.732 -0.441
"1936" -1.004 -0.716 -0.428
"1937" -0.988 -0.703 -0.417
"1938" -0.976 -0.693 -0.41
"1939" -0.966 -0.686 -0.405
"1940" -0.96 -0.682 -0.403
"1941" -0.956 -0.68 -0.404
"1942" -0.954 -0.68 -0.406
"1943" -0.953 -0.682 -0.41
"1944" -0.951 -0.682 -0.412
"1945" -0.943 -0.676 -0.41
"1946" -0.933 -0.669 -0.405
"1947" -0.919 -0.657 -0.396
"1948" -0.904 -0.645 -0.387
"1949" -0.893 -0.637 -0.381
"1950" -0.887 -0.634 -0.381
"1951" -0.887 -0.636 -0.385
"1952" -0.885 -0.637 -0.388
"1953" -0.884 -0.638 -0.391
"1954" -0.881 -0.637 -0.393
"1955" -0.873 -0.632 -0.39
"1956" -0.857 -0.619 -0.381
"1957" -0.835 -0.6 -0.365
"1958" -0.815 -0.584 -0.352
"1959" -0.802 -0.573 -0.345
"1960" -0.792 -0.566 -0.34
"1961" -0.789 -0.566 -0.342
"1962" -0.816 -0.593 -0.37
"1963" -0.948 -0.714 -0.479
"1964" -1.041 -0.795 -0.549
"1965" -1.058 -0.81 -0.562
"1966" -0.991 -0.754 -0.517
"1967" -0.969 -0.737 -0.504
"1968" -0.933 -0.707 -0.48
"1969" -0.889 -0.67 -0.451
"1970" -0.85 -0.638 -0.425
"1971" -0.842 -0.632 -0.421
"1972" -0.817 -0.612 -0.406
"1973" -0.778 -0.579 -0.38
"1974" -0.755 -0.561 -0.366
"1975" -0.789 -0.591 -0.393
"1976" -0.768 -0.575 -0.381
"1977" -0.727 -0.541 -0.354
"1978" -0.68 -0.502 -0.323
"1979" -0.635 -0.464 -0.293
"1980" -0.603 -0.438 -0.273
"1981" -0.58 -0.42 -0.26
"1982" -0.602 -0.442 -0.281
"1983" -0.701 -0.528 -0.354
"1984" -0.708 -0.534 -0.36
"1985" -0.67 -0.505 -0.339
"1986" -0.634 -0.476 -0.318
"1987" -0.587 -0.439 -0.29
"1988" -0.53 -0.392 -0.255
"1989" -0.464 -0.339 -0.214
"1990" -0.411 -0.295 -0.18
"1991" -0.452 -0.334 -0.215
"1992" -0.696 -0.53 -0.363
"1993" -0.752 -0.572 -0.392
"1994" -0.661 -0.502 -0.344
"1995" -0.553 -0.419 -0.286
"1996" -0.453 -0.343 -0.232
"1997" -0.364 -0.273 -0.183
"1998" -0.281 -0.209 -0.137
"1999" -0.206 -0.149 -0.093
"2000" -0.138 -0.095 -0.053
"2001" -0.082 -0.05 -0.018
"2002" -0.034 -0.009 0.016
"2003" -0.002 0.019 0.039
"2004" 0.024 0.044 0.063
"2005" 0.041 0.061 0.081
"2006" 0.052 0.075 0.098
"2007" 0.061 0.089 0.118
"2008" 0.071 0.108 0.144
"2009" 0.078 0.123 0.168
"2010" 0.093 0.148 0.204
"2011" 0.107 0.173 0.239
"2012" 0.126 0.204 0.282
"2013" 0.147 0.238 0.328
"2014" 0.165 0.268 0.37
"2015" 0.185 0.301 0.416
"2016" 0.2 0.327 0.453
"2017" 0.213 0.351 0.489
"2018" 0.226 0.375 0.524
"2019" 0.238 0.399 0.56
"2020" 0.251 0.423 0.596
"2021" 0.267 0.452 0.637
"2022" 0.287 0.485 0.683
"2023" 0.306 0.518 0.729
"2024" 0.325 0.55 0.774
"2025" 0.339 0.576 0.813
"2026" 0.35 0.599 0.848
"2027" 0.359 0.619 0.878
"2028" 0.366 0.637 0.908
"2029" 0.373 0.654 0.936
"2030" 0.379 0.671 0.964
"2031" 0.385 0.688 0.991
"2032" 0.391 0.706 1.02
"2033" 0.401 0.727 1.052
"2034" 0.414 0.752 1.09
"2035" 0.426 0.776 1.126
"2036" 0.439 0.801 1.163
"2037" 0.449 0.822 1.196
"2038" 0.458 0.843 1.227
"2039" 0.463 0.859 1.254
"2040" 0.467 0.872 1.278
"2041" 0.469 0.884 1.299
"2042" 0.471 0.896 1.32
"2043" 0.474 0.908 1.343
"2044" 0.478 0.923 1.368
"2045" 0.487 0.942 1.397
"2046" 0.497 0.963 1.429
"2047" 0.508 0.985 1.462
"2048" 0.518 1.005 1.493
"2049" 0.524 1.021 1.518
"2050" 0.525 1.031 1.537
"2051" 0.525 1.04 1.554
"2052" 0.524 1.046 1.568
"2053" 0.523 1.053 1.582
"2054" 0.522 1.06 1.598
"2055" 0.524 1.07 1.616
"2056" 0.529 1.084 1.638
"2057" 0.533 1.096 1.659
"2058" 0.536 1.107 1.678
"2059" 0.539 1.118 1.697
"2060" 0.539 1.126 1.712
"2061" 0.537 1.13 1.723
"2062" 0.534 1.134 1.733
"2063" 0.531 1.137 1.743
"2064" 0.528 1.14 1.752
"2065" 0.526 1.145 1.763
"2066" 0.527 1.153 1.778
"2067" 0.53 1.163 1.796
"2068" 0.533 1.174 1.814
"2069" 0.535 1.182 1.829
"2070" 0.533 1.187 1.84
"2071" 0.529 1.189 1.848
"2072" 0.524 1.189 1.854
"2073" 0.519 1.189 1.86
"2074" 0.512 1.189 1.865
"2075" 0.506 1.188 1.869
"2076" 0.5 1.187 1.874
"2077" 0.495 1.187 1.88
"2078" 0.492 1.19 1.889
"2079" 0.49 1.195 1.9
"2080" 0.49 1.201 1.912
"2081" 0.488 1.206 1.923
"2082" 0.486 1.21 1.933
"2083" 0.481 1.211 1.94
"2084" 0.476 1.211 1.946
"2085" 0.468 1.209 1.949
"2086" 0.46 1.205 1.951
"2087" 0.452 1.203 1.954
"2088" 0.445 1.201 1.958
"2089" 0.44 1.202 1.964
"2090" 0.438 1.206 1.975
"2091" 0.437 1.212 1.987
"2092" 0.438 1.22 2.001
"2093" 0.437 1.224 2.012
"2094" 0.431 1.225 2.019
"2095" 0.424 1.224 2.023
"2096" 0.415 1.22 2.025
"2097" 0.406 1.216 2.026
"2098" 0.397 1.213 2.028
"2099" 0.39 1.211 2.032
"2100" 0.386 1.213 2.04
