"Q05" "mean" "Q95"
"1850" -1.22 -0.814 -0.408
"1851" -1.209 -0.803 -0.397
"1852" -1.2 -0.795 -0.39
"1853" -1.217 -0.815 -0.413
"1854" -1.232 -0.832 -0.433
"1855" -1.228 -0.83 -0.432
"1856" -1.224 -0.827 -0.43
"1857" -1.239 -0.845 -0.45
"1858" -1.234 -0.84 -0.447
"1859" -1.22 -0.827 -0.434
"1860" -1.205 -0.812 -0.419
"1861" -1.201 -0.809 -0.417
"1862" -1.284 -0.898 -0.511
"1863" -1.307 -0.922 -0.536
"1864" -1.29 -0.906 -0.521
"1865" -1.265 -0.88 -0.496
"1866" -1.241 -0.857 -0.473
"1867" -1.222 -0.838 -0.454
"1868" -1.206 -0.822 -0.439
"1869" -1.191 -0.808 -0.425
"1870" -1.18 -0.797 -0.414
"1871" -1.169 -0.787 -0.404
"1872" -1.162 -0.78 -0.398
"1873" -1.185 -0.806 -0.426
"1874" -1.187 -0.809 -0.431
"1875" -1.189 -0.811 -0.434
"1876" -1.187 -0.811 -0.434
"1877" -1.181 -0.805 -0.43
"1878" -1.174 -0.799 -0.424
"1879" -1.168 -0.794 -0.42
"1880" -1.167 -0.794 -0.42
"1881" -1.164 -0.792 -0.419
"1882" -1.156 -0.785 -0.413
"1883" -1.206 -0.838 -0.469
"1884" -1.414 -1.042 -0.669
"1885" -1.451 -1.076 -0.701
"1886" -1.411 -1.04 -0.669
"1887" -1.375 -1.007 -0.638
"1888" -1.325 -0.96 -0.595
"1889" -1.28 -0.917 -0.554
"1890" -1.261 -0.899 -0.538
"1891" -1.267 -0.906 -0.546
"1892" -1.245 -0.886 -0.527
"1893" -1.21 -0.853 -0.495
"1894" -1.181 -0.824 -0.468
"1895" -1.159 -0.804 -0.448
"1896" -1.145 -0.791 -0.436
"1897" -1.135 -0.782 -0.428
"1898" -1.127 -0.775 -0.423
"1899" -1.121 -0.771 -0.42
"1900" -1.117 -0.768 -0.418
"1901" -1.113 -0.766 -0.418
"1902" -1.122 -0.776 -0.43
"1903" -1.224 -0.88 -0.535
"1904" -1.248 -0.904 -0.559
"1905" -1.222 -0.88 -0.539
"1906" -1.185 -0.846 -0.507
"1907" -1.174 -0.836 -0.499
"1908" -1.155 -0.819 -0.483
"1909" -1.131 -0.797 -0.463
"1910" -1.114 -0.782 -0.449
"1911" -1.102 -0.771 -0.441
"1912" -1.146 -0.817 -0.488
"1913" -1.191 -0.862 -0.533
"1914" -1.181 -0.854 -0.527
"1915" -1.148 -0.823 -0.499
"1916" -1.114 -0.792 -0.47
"1917" -1.085 -0.766 -0.446
"1918" -1.062 -0.744 -0.427
"1919" -1.047 -0.731 -0.415
"1920" -1.037 -0.723 -0.409
"1921" -1.031 -0.719 -0.407
"1922" -1.041 -0.731 -0.421
"1923" -1.044 -0.735 -0.427
"1924" -1.034 -0.728 -0.421
"1925" -1.023 -0.719 -0.415
"1926" -1.011 -0.709 -0.407
"1927" -0.998 -0.698 -0.398
"1928" -0.992 -0.694 -0.396
"1929" -1.008 -0.713 -0.417
"1930" -0.996 -0.702 -0.409
"1931" -0.987 -0.695 -0.404
"1932" -1.001 -0.711 -0.422
"1933" -0.996 -0.709 -0.422
"1934" -0.986 -0.701 -0.416
"1935" -0.973 -0.691 -0.408
"1936" -0.957 -0.677 -0.397
"1937" -0.943 -0.665 -0.387
"1938" -0.932 -0.657 -0.382
"1939" -0.923 -0.65 -0.377
"1940" -0.917 -0.647 -0.376
"1941" -0.913 -0.645 -0.377
"1942" -0.91 -0.645 -0.379
"1943" -0.909 -0.646 -0.383
"1944" -0.907 -0.646 -0.385
"1945" -0.9 -0.641 -0.383
"1946" -0.891 -0.635 -0.38
"1947" -0.878 -0.625 -0.372
"1948" -0.866 -0.615 -0.365
"1949" -0.856 -0.608 -0.361
"1950" -0.851 -0.606 -0.361
"1951" -0.85 -0.608 -0.365
"1952" -0.848 -0.608 -0.368
"1953" -0.847 -0.609 -0.371
"1954" -0.844 -0.609 -0.373
"1955" -0.837 -0.605 -0.372
"1956" -0.824 -0.594 -0.364
"1957" -0.806 -0.579 -0.351
"1958" -0.789 -0.565 -0.34
"1959" -0.778 -0.556 -0.335
"1960" -0.77 -0.551 -0.331
"1961" -0.767 -0.55 -0.333
"1962" -0.789 -0.573 -0.358
"1963" -0.898 -0.675 -0.451
"1964" -0.976 -0.743 -0.51
"1965" -0.99 -0.756 -0.521
"1966" -0.934 -0.709 -0.484
"1967" -0.915 -0.694 -0.473
"1968" -0.885 -0.669 -0.453
"1969" -0.848 -0.638 -0.428
"1970" -0.815 -0.611 -0.406
"1971" -0.808 -0.606 -0.403
"1972" -0.787 -0.589 -0.39
"1973" -0.754 -0.561 -0.368
"1974" -0.735 -0.545 -0.356
"1975" -0.762 -0.57 -0.379
"1976" -0.744 -0.556 -0.368
"1977" -0.709 -0.527 -0.345
"1978" -0.669 -0.494 -0.318
"1979" -0.63 -0.461 -0.292
"1980" -0.603 -0.439 -0.275
"1981" -0.583 -0.423 -0.263
"1982" -0.599 -0.44 -0.281
"1983" -0.681 -0.511 -0.341
"1984" -0.684 -0.515 -0.346
"1985" -0.651 -0.489 -0.327
"1986" -0.619 -0.464 -0.308
"1987" -0.578 -0.431 -0.284
"1988" -0.527 -0.39 -0.253
"1989" -0.47 -0.344 -0.217
"1990" -0.423 -0.305 -0.187
"1991" -0.454 -0.335 -0.216
"1992" -0.658 -0.497 -0.336
"1993" -0.703 -0.53 -0.358
"1994" -0.622 -0.469 -0.316
"1995" -0.526 -0.396 -0.267
"1996" -0.438 -0.329 -0.22
"1997" -0.358 -0.268 -0.178
"1998" -0.283 -0.21 -0.137
"1999" -0.215 -0.156 -0.098
"2000" -0.153 -0.107 -0.061
"2001" -0.101 -0.065 -0.029
"2002" -0.054 -0.026 0.003
"2003" -0.02 0.002 0.025
"2004" 0.009 0.028 0.048
"2005" 0.03 0.048 0.067
"2006" 0.044 0.066 0.087
"2007" 0.056 0.084 0.112
"2008" 0.069 0.106 0.143
"2009" 0.08 0.126 0.172
"2010" 0.097 0.154 0.212
"2011" 0.114 0.183 0.252
"2012" 0.135 0.217 0.299
"2013" 0.159 0.254 0.35
"2014" 0.18 0.289 0.397
"2015" 0.203 0.326 0.449
"2016" 0.222 0.358 0.494
"2017" 0.241 0.39 0.539
"2018" 0.259 0.421 0.584
"2019" 0.277 0.453 0.629
"2020" 0.297 0.487 0.677
"2021" 0.32 0.524 0.729
"2022" 0.345 0.566 0.786
"2023" 0.372 0.608 0.845
"2024" 0.398 0.651 0.903
"2025" 0.422 0.69 0.958
"2026" 0.443 0.726 1.009
"2027" 0.462 0.76 1.058
"2028" 0.482 0.795 1.108
"2029" 0.5 0.829 1.157
"2030" 0.52 0.863 1.207
"2031" 0.539 0.899 1.258
"2032" 0.56 0.936 1.311
"2033" 0.584 0.977 1.369
"2034" 0.612 1.022 1.432
"2035" 0.64 1.067 1.495
"2036" 0.669 1.114 1.559
"2037" 0.696 1.159 1.622
"2038" 0.723 1.204 1.684
"2039" 0.748 1.246 1.744
"2040" 0.772 1.288 1.803
"2041" 0.795 1.328 1.861
"2042" 0.819 1.37 1.92
"2043" 0.845 1.413 1.982
"2044" 0.872 1.459 2.046
"2045" 0.904 1.51 2.116
"2046" 0.937 1.563 2.189
"2047" 0.973 1.618 2.264
"2048" 1.007 1.673 2.338
"2049" 1.039 1.724 2.41
"2050" 1.068 1.772 2.477
"2051" 1.096 1.82 2.544
"2052" 1.123 1.867 2.611
"2053" 1.151 1.914 2.678
"2054" 1.18 1.964 2.747
"2055" 1.212 2.016 2.821
"2056" 1.247 2.072 2.898
"2057" 1.282 2.128 2.975
"2058" 1.316 2.185 3.053
"2059" 1.351 2.241 3.131
"2060" 1.384 2.295 3.207
"2061" 1.415 2.348 3.281
"2062" 1.446 2.401 3.356
"2063" 1.477 2.454 3.431
"2064" 1.509 2.508 3.507
"2065" 1.542 2.564 3.585
"2066" 1.579 2.623 3.668
"2067" 1.617 2.685 3.753
"2068" 1.656 2.748 3.839
"2069" 1.694 2.809 3.924
"2070" 1.73 2.868 4.007
"2071" 1.763 2.926 4.088
"2072" 1.796 2.982 4.169
"2073" 1.829 3.039 4.249
"2074" 1.861 3.096 4.33
"2075" 1.894 3.153 4.411
"2076" 1.927 3.21 4.493
"2077" 1.961 3.269 4.577
"2078" 1.997 3.33 4.663
"2079" 2.036 3.394 4.752
"2080" 2.075 3.458 4.842
"2081" 2.113 3.522 4.931
"2082" 2.151 3.586 5.021
"2083" 2.186 3.647 5.108
"2084" 2.222 3.708 5.194
"2085" 2.255 3.767 5.279
"2086" 2.288 3.825 5.363
"2087" 2.321 3.885 5.448
"2088" 2.355 3.945 5.535
"2089" 2.391 4.007 5.623
"2090" 2.43 4.072 5.715
"2091" 2.47 4.139 5.808
"2092" 2.512 4.208 5.904
"2093" 2.551 4.273 5.996
"2094" 2.587 4.336 6.085
"2095" 2.621 4.397 6.172
"2096" 2.654 4.456 6.258
"2097" 2.686 4.515 6.343
"2098" 2.719 4.574 6.429
"2099" 2.753 4.635 6.517
"2100" 2.79 4.698 6.607
